0	1
2	3
3	278
4	5
6	7
6	8
9	10
9	11
12	13
14	15
16	17
18	19
20	21
22	23
22	24
22	25
25	70
26	27
26	28
26	29
29	51
29	440
29	440
29	499
29	500
29	502
29	503
30	31
32	33
32	34
32	35
33	310
33	377
33	440
33	499
33	505
36	37
37	379
37	504
38	39
40	41
40	42
41	74
41	172
41	193
41	198
41	202
41	203
41	221
41	222
41	255
41	294
41	309
41	320
41	363
41	367
41	373
41	374
41	396
41	406
41	426
41	427
41	428
41	434
41	437
41	438
41	442
41	465
41	470
41	475
41	489
41	492
41	494
41	495
42	43
42	74
42	172
42	193
42	198
42	202
42	203
42	221
42	222
42	255
42	294
42	309
42	320
42	363
42	367
42	373
42	374
42	396
42	406
42	426
42	427
42	428
42	429
42	434
42	437
42	438
42	442
42	465
42	469
42	470
42	475
42	489
42	492
42	494
42	495
43	44
44	74
44	172
44	193
44	198
44	202
44	203
44	221
44	222
44	255
44	294
44	309
44	320
44	363
44	367
44	373
44	374
44	396
44	406
44	426
44	427
44	428
44	429
44	434
44	438
44	442
44	465
44	469
44	470
44	475
44	489
44	492
44	494
44	495
45	46
47	48
49	50
52	53
53	54
54	55
56	57
57	464
58	59
59	90
59	199
59	335
59	366
59	371
59	448
59	458
60	61
60	62
62	102
62	116
62	119
62	165
62	190
62	204
62	252
62	256
62	262
62	291
62	299
62	362
62	365
62	493
63	64
65	66
67	68
68	69
70	71
70	72
70	73
71	173
75	76
77	78
77	79
78	334
80	81
82	83
84	85
86	87
88	89
91	92
91	93
92	111
94	95
96	97
98	99
100	101
103	104
103	105
103	106
104	176
107	108
107	109
107	110
109	168
112	113
114	115
116	117
116	118
117	252
117	256
117	260
117	262
117	362
117	365
117	388
117	391
118	252
119	120
121	122
123	124
124	227
124	234
124	349
124	361
124	476
125	126
127	128
128	505
129	130
131	132
132	181
133	134
134	460
134	484
135	136
135	137
138	139
140	141
141	145
141	435
142	143
142	144
144	256
144	262
144	307
144	362
144	365
144	407
144	424
146	147
147	148
149	150
149	151
149	152
153	154
153	155
153	156
154	383
154	455
157	158
159	160
161	162
162	410
162	459
163	164
166	167
168	169
170	171
173	174
173	175
175	424
176	177
176	178
179	180
182	183
184	185
184	186
184	187
185	304
185	313
185	429
185	455
185	462
185	463
185	469
185	493
188	189
191	192
194	195
196	197
199	200
199	201
200	291
200	299
200	335
200	347
200	366
200	439
200	448
200	458
201	335
201	366
201	448
201	458
205	206
207	208
209	210
211	212
211	213
212	228
212	276
212	466
213	466
214	215
214	216
217	218
219	220
220	263
220	266
220	267
220	270
220	271
220	272
220	273
220	279
220	430
223	224
225	226
228	229
230	231
232	233
235	236
237	238
239	240
241	242
243	244
245	246
247	248
249	250
249	251
253	254
257	258
257	259
258	288
258	347
258	386
258	439
258	481
259	288
260	261
261	357
261	388
261	391
264	265
268	269
274	275
276	277
280	281
281	282
281	283
284	285
286	287
289	290
290	364
292	293
295	296
295	297
295	298
296	300
300	301
302	303
305	306
307	308
310	311
310	312
312	479
314	315
316	317
318	319
321	322
323	324
325	326
327	328
327	329
330	331
332	333
336	337
338	339
338	340
341	342
341	343
341	344
345	346
347	348
348	439
350	351
350	352
350	353
354	355
354	356
357	358
359	360
368	369
368	370
371	372
372	377
372	401
372	423
372	468
375	376
377	378
379	380
381	382
382	433
382	461
382	498
383	384
383	385
384	455
386	387
388	389
388	390
389	391
389	453
390	391
392	393
392	394
392	395
397	398
397	399
397	400
398	479
402	403
404	405
405	416
407	408
407	409
411	412
413	414
413	415
417	418
419	420
421	422
424	425
431	432
435	436
440	441
443	444
445	446
445	447
449	450
451	452
453	454
456	457
466	467
471	472
471	473
471	474
477	478
479	480
481	482
481	483
485	486
487	488
490	491
496	497
500	501
501	502
501	503
0	506
0	507
0	508
0	509
2	510
4	511
6	512
9	513
12	514
514	738
14	515
16	516
16	517
18	518
18	519
18	520
519	688
519	889
20	521
20	522
20	523
22	524
26	521
30	525
32	518
32	526
32	527
32	528
32	529
32	530
528	877
38	531
38	532
38	533
38	534
38	535
40	536
43	537
43	538
538	642
538	688
538	701
538	703
538	738
538	877
538	889
45	539
45	540
47	541
49	542
49	543
49	544
49	545
49	546
51	521
52	547
54	548
56	549
550	551
552	553
58	554
58	555
58	556
58	557
58	558
60	559
60	560
60	519
60	561
60	562
63	563
63	564
63	565
63	566
63	567
65	568
67	569
67	570
569	658
569	687
569	803
569	853
569	865
569	883
569	899
69	571
572	573
573	688
70	559
74	563
75	574
75	575
77	569
80	576
80	577
82	578
84	579
84	580
84	581
84	582
84	583
84	518
84	584
86	585
586	587
586	588
88	589
88	590
88	591
88	592
90	559
90	593
90	594
90	521
90	595
90	538
91	596
94	597
94	598
94	599
94	600
94	601
94	602
96	603
98	604
98	605
100	606
100	607
25	100
25	211
25	428
102	507
102	608
103	609
103	610
103	507
107	611
107	612
107	613
107	614
111	521
112	615
114	616
116	617
116	618
119	619
119	620
121	621
123	622
123	521
125	623
125	624
127	625
127	626
127	627
127	628
129	629
129	608
629	834
131	569
133	630
133	631
133	632
133	633
135	569
634	635
138	636
138	637
140	638
142	507
142	629
142	639
142	640
142	641
145	507
145	608
146	643
148	644
149	645
149	646
153	508
153	647
153	648
153	557
153	649
649	688
157	650
157	651
159	507
159	629
652	653
652	654
652	655
652	656
161	657
163	518
163	556
163	554
163	557
163	591
163	659
165	660
165	661
166	538
166	507
168	507
168	662
168	663
168	629
170	664
170	665
172	666
173	667
173	668
176	559
176	669
179	670
181	549
182	671
182	672
182	673
184	507
184	629
188	674
188	675
188	676
190	507
677	678
677	679
677	680
191	681
191	682
193	569
683	684
194	685
196	686
198	569
199	569
202	569
688	689
688	690
203	691
204	569
205	592
205	521
207	569
209	569
211	692
211	693
693	738
214	629
214	507
214	663
214	604
217	694
219	695
221	569
222	629
222	507
222	604
223	507
223	663
223	629
225	538
227	629
227	663
228	696
228	697
228	698
230	551
232	699
234	554
234	559
235	700
701	702
704	705
237	629
237	507
237	604
239	554
241	706
243	707
245	569
247	708
247	709
249	710
249	711
249	712
252	507
252	713
252	608
253	714
255	715
256	716
256	519
260	717
262	629
262	639
263	718
263	719
264	720
264	721
264	722
264	723
266	718
267	724
267	725
270	726
271	727
271	728
271	729
272	718
273	538
274	730
276	507
276	538
276	629
278	731
279	538
280	732
280	733
280	734
280	735
280	736
280	737
738	739
282	740
283	741
284	742
284	743
284	744
286	718
286	745
288	693
288	538
289	746
291	507
291	629
292	629
292	747
292	507
294	569
295	748
295	749
295	749
295	592
295	518
299	750
299	751
300	752
300	753
300	754
302	569
302	755
304	756
304	507
305	757
305	629
305	758
307	752
307	759
309	569
310	569
313	748
313	760
313	761
314	569
316	762
318	569
318	763
318	764
320	765
320	766
320	767
321	507
321	768
321	769
323	770
325	521
325	592
327	507
327	771
327	772
330	773
330	774
330	775
332	776
334	551
335	777
335	554
335	778
335	779
336	780
338	592
338	521
338	781
341	507
341	591
341	678
345	609
345	610
345	507
347	782
347	783
347	784
347	785
349	556
349	786
349	787
354	507
354	788
357	573
359	789
359	790
361	629
361	639
361	631
361	507
362	791
363	792
363	793
364	690
364	794
364	639
364	795
365	750
365	751
366	507
366	629
366	778
366	796
367	678
367	591
367	797
368	798
371	592
371	521
371	781
371	799
373	636
374	800
375	801
375	802
377	804
377	629
377	805
379	806
379	807
379	808
379	809
379	810
381	569
383	693
383	560
386	811
386	812
386	507
386	813
388	569
391	814
391	629
392	815
392	816
392	817
392	818
392	819
392	820
396	507
396	821
396	822
396	823
822	877
397	802
397	795
397	824
397	825
401	752
401	826
402	569
402	827
404	724
406	828
406	795
406	639
407	569
410	829
411	584
411	804
413	592
413	830
831	832
831	833
416	718
416	719
416	725
834	835
836	837
417	838
419	839
419	592
419	840
421	841
423	842
424	804
424	843
424	648
424	693
426	538
426	844
426	845
426	777
427	692
427	611
427	846
427	847
428	848
428	849
428	850
428	851
428	852
428	592
429	854
429	855
430	856
431	636
431	857
431	858
433	507
433	591
433	859
433	860
434	569
435	861
435	507
435	782
437	507
437	778
437	629
438	617
438	862
439	507
439	629
439	678
440	863
440	864
442	629
442	795
442	604
443	866
443	867
443	868
443	869
445	569
448	589
448	678
449	569
451	569
453	518
453	591
453	870
453	507
455	871
455	781
456	569
458	859
458	872
458	542
458	866
459	718
460	629
460	507
461	825
461	873
461	629
461	507
462	569
463	802
463	507
464	752
464	874
466	875
466	777
466	876
468	569
469	507
469	629
877	878
877	879
877	880
877	881
470	866
470	867
470	869
470	882
297	470
471	569
471	884
475	885
476	886
477	507
477	782
477	887
479	888
889	890
481	569
484	631
484	891
484	892
484	507
485	569
487	752
487	893
489	894
490	895
490	507
490	629
490	896
492	569
493	569
493	897
494	898
495	507
495	900
495	901
495	902
496	903
498	904
498	905
499	522
500	554
500	906
502	693
502	907
502	538
502	908
503	693
503	521
503	908
504	863
504	909
504	910
505	911
505	912
505	913
0	914
0	915
0	916
0	917
2	918
4	919
4	920
4	921
6	922
6	923
6	915
6	924
6	925
6	926
6	927
9	928
9	924
9	929
12	930
12	931
12	932
12	915
14	924
14	929
16	924
16	933
16	931
16	916
18	934
18	935
18	916
20	915
20	936
22	917
22	937
22	938
22	916
22	915
22	924
26	939
26	916
26	924
26	915
30	916
30	914
30	940
30	924
32	924
32	941
32	942
32	915
32	943
36	944
36	945
36	916
38	946
38	945
40	947
40	948
40	949
40	916
40	950
43	931
45	951
45	952
45	953
45	954
47	915
47	955
49	956
49	931
49	933
49	924
51	924
51	935
51	915
52	920
52	922
52	957
52	958
52	959
52	960
52	917
54	958
54	920
56	961
56	962
56	963
550	914
550	964
550	965
552	966
58	967
58	915
58	933
58	960
58	968
60	969
60	970
60	971
63	972
63	967
63	915
63	973
63	974
65	916
65	963
65	924
67	916
67	975
67	917
67	968
67	976
67	932
67	977
69	967
69	973
69	978
69	917
69	979
572	915
572	916
572	931
70	980
70	981
74	982
74	983
74	984
74	985
74	917
74	986
75	972
75	985
75	987
77	988
77	964
77	989
80	990
82	991
82	992
84	993
84	994
86	915
86	933
86	995
86	932
86	931
586	996
586	997
88	914
88	931
88	916
88	977
90	998
90	916
90	999
91	1000
91	1001
91	1002
91	1003
94	1004
94	1005
94	1006
94	1007
96	1008
96	1009
96	1010
96	1011
96	1012
25	96
25	107
98	1013
100	1014
100	1015
100	1016
102	583
102	1016
102	1017
103	1018
103	1019
103	1020
107	972
107	983
107	984
107	1021
111	923
111	1022
111	922
111	917
112	1023
112	926
112	1024
114	1025
114	983
114	1026
116	1015
116	1027
119	985
119	984
119	1028
119	1029
121	926
121	927
121	1030
123	1031
123	985
123	926
125	1031
127	1032
127	1033
129	1034
129	1035
129	1036
131	1037
131	1038
133	1039
133	983
133	1040
135	1041
135	1042
135	1043
634	1039
634	1044
634	926
634	927
138	1045
138	1024
138	1046
138	583
138	1031
140	1047
140	1015
140	1027
142	1048
142	1049
142	1012
142	1016
142	983
145	1050
145	1051
145	1052
642	1053
642	1044
642	1054
146	1055
146	1056
148	920
148	917
148	1024
148	1030
148	1057
148	1058
148	1059
149	1027
149	1060
149	1061
149	1026
153	1062
157	1063
157	1064
157	1065
157	554
159	1065
159	1066
159	1067
159	1068
652	1065
652	1069
652	1070
652	1071
652	1072
161	1044
161	1073
658	1074
658	1075
163	920
163	554
163	1076
163	1077
165	1078
165	1079
165	920
165	926
165	927
165	554
166	998
168	1080
168	1081
168	1082
170	1083
170	1084
170	1085
172	1086
172	1087
172	1088
172	1089
173	946
173	1090
173	1091
173	1092
176	1093
176	1094
176	1095
179	1096
179	917
179	554
179	1097
179	968
179	960
181	902
181	1098
181	1099
182	1100
182	1101
184	1102
184	1103
184	1104
188	1105
188	1106
188	1084
188	1107
1108	1109
1108	1110
1108	1111
1108	1112
190	1113
190	1114
190	999
190	1115
677	1116
191	1117
191	1118
191	1119
191	1120
193	1121
683	1122
194	1123
194	1124
194	1125
194	916
196	1126
196	1127
198	1128
198	1127
199	1129
199	960
199	927
199	1130
687	1131
687	1132
687	1133
202	915
202	933
202	924
202	1134
688	1129
688	1135
688	1136
556	688
203	1137
203	1138
203	938
203	932
203	1139
204	1077
204	1140
204	1141
204	519
205	1142
205	1143
205	924
205	916
205	999
207	972
207	917
207	937
207	1140
207	1144
209	1145
209	920
209	1146
209	1040
211	1147
211	1148
211	1149
214	1150
217	1151
219	1152
219	1153
219	1154
219	1155
221	967
221	931
221	933
222	946
222	960
222	1156
222	926
223	960
223	926
223	927
223	968
223	1157
225	946
225	1158
227	960
227	1157
228	1159
228	1160
228	1161
230	1162
230	1163
232	1164
232	1165
232	1166
232	1167
234	960
235	1168
235	927
235	1169
701	960
701	968
701	926
701	927
701	1170
703	1171
703	926
703	927
704	998
704	926
704	1100
237	1172
237	1173
237	1099
239	1174
239	1175
239	1095
241	998
241	1176
241	622
243	1177
243	1059
245	1031
245	1030
245	1040
245	1027
247	1031
247	1027
249	1178
249	1179
249	1180
249	1181
249	1182
252	1065
252	1183
253	922
253	917
253	1184
253	1117
255	920
255	922
255	1117
256	1142
256	1185
256	1186
256	1065
257	1117
257	1065
260	1187
260	1188
260	1189
260	1031
262	985
262	1189
262	1031
263	1190
263	1191
263	1192
264	1191
266	1193
266	1165
266	1194
266	1195
267	1044
267	1054
267	970
268	1196
268	998
268	1197
270	1198
270	1199
271	998
271	1200
271	1201
272	1202
272	1165
272	1203
272	1204
272	1205
273	1202
273	1165
273	1206
273	1207
273	1208
274	1209
274	1210
276	1211
276	1212
276	1213
278	920
278	1214
278	1215
279	1216
279	1217
279	926
279	1218
280	1219
280	1220
280	999
738	1221
282	1222
282	1223
283	1165
283	1224
283	1153
283	1201
284	1225
284	987
284	1226
286	1227
288	1228
288	1077
288	1044
288	1195
288	1229
289	1151
291	1230
291	1231
291	1232
291	1233
292	1195
292	1234
292	1225
294	1228
294	1235
295	1236
295	1237
299	1238
300	1114
300	1125
300	916
300	924
300	999
302	1239
304	998
304	1240
304	1040
304	1188
305	1241
305	1163
307	1242
307	1243
309	1031
309	1244
309	1245
309	1246
309	1247
310	1248
310	1249
313	1250
313	1251
313	1252
314	1225
314	1253
314	998
314	1027
316	1225
316	1254
316	1233
316	1217
316	1255
318	1256
318	1257
320	1258
320	1259
320	1260
321	1261
321	1262
323	1263
323	1264
323	1265
325	1266
325	1263
325	1265
327	1267
327	1268
327	960
327	1130
330	1269
332	1270
334	1271
334	1272
335	967
335	1273
335	916
335	924
335	963
335	915
335	1274
336	920
336	922
336	960
336	1275
336	1276
336	924
338	1277
341	1278
345	984
345	1020
347	1039
347	985
347	1046
347	1279
349	1039
349	926
349	927
350	1280
350	1281
350	1165
350	1282
350	1283
354	1250
354	1284
354	1285
357	1286
359	1015
359	1184
359	983
359	1031
361	1031
361	1184
361	1287
361	1189
361	1027
362	1126
362	1127
362	1288
363	970
363	1027
363	1289
363	1065
364	1128
364	1127
365	1290
365	1291
366	1022
366	985
366	1292
366	917
366	1040
367	1116
367	1293
367	1294
368	1031
368	1044
368	926
368	927
371	1295
373	915
373	931
374	920
374	1065
374	1296
375	1297
803	1298
803	1040
803	1176
377	933
377	916
379	1299
379	1300
379	1301
379	1099
381	920
381	1077
381	554
383	1302
383	1303
383	1304
383	1305
386	1306
386	998
388	1307
388	1031
388	1245
388	1040
391	1031
391	1307
391	1308
391	1027
392	1309
392	1310
392	1311
392	1312
392	1313
396	1314
396	1315
396	1316
397	1317
397	998
397	1318
397	1319
401	1189
401	1031
401	1320
401	1321
401	1040
402	984
402	1322
402	1046
402	985
404	998
404	1323
404	1324
404	1325
406	1027
406	1142
406	1184
406	1016
407	1195
407	1194
410	1053
410	1326
410	1327
411	1328
411	1272
411	999
411	1329
413	1330
413	1147
413	1142
413	1146
831	1331
831	1332
831	1333
831	1334
831	1335
831	1336
416	998
416	1165
834	1337
834	1338
834	916
834	1276
836	1339
417	1340
417	985
417	1040
419	1341
421	1342
421	1153
421	1343
423	1344
424	1159
424	1345
424	1346
424	1347
424	1225
426	1348
427	1055
427	926
427	1026
428	1349
428	1284
428	1350
853	1351
853	1117
853	968
429	1352
429	1065
429	1067
429	1353
430	1354
430	1165
430	914
430	1355
431	1117
431	926
431	927
431	1065
431	1356
433	960
433	927
434	1357
434	1358
434	1359
435	1270
435	927
435	1360
435	1099
437	1194
437	1195
437	1361
438	1362
438	1363
438	1364
439	1121
439	1338
439	999
439	1329
440	933
440	917
442	1188
442	1250
442	1365
865	960
865	1012
865	1172
865	1270
443	920
443	1360
443	960
443	926
443	927
443	1366
445	1031
445	985
445	1307
448	1367
449	1368
449	1369
451	1370
451	1371
453	941
453	915
453	1372
455	1039
455	1373
456	1374
456	1375
456	1376
458	1377
458	1378
459	998
459	1165
459	1379
459	1380
460	999
460	1307
461	1187
461	1189
461	583
462	960
462	927
462	1381
462	1382
462	1383
463	1126
463	1127
464	924
464	935
464	915
464	916
465	1384
465	1385
465	1386
465	1387
466	1015
466	1388
466	1016
466	983
466	1189
466	1184
468	999
468	1389
468	1365
469	1390
469	1027
469	1148
469	972
469	920
469	983
877	916
470	983
470	985
470	1012
470	1391
883	1099
883	926
883	960
883	968
471	1027
471	1392
471	1237
471	1393
475	1394
475	1148
475	1039
475	1012
476	1373
476	583
476	984
477	1172
477	1395
477	1396
477	1315
477	1099
477	1397
479	1237
479	1398
479	1065
479	1399
889	1027
889	1165
889	1031
889	926
481	1400
481	1176
481	983
484	1039
485	1401
485	1347
485	1402
487	1403
487	1404
487	1405
487	1406
489	1031
489	1184
489	1016
489	1148
490	1407
492	1373
492	1408
492	926
492	1024
493	1409
494	915
494	916
494	999
494	1410
899	1027
899	1411
899	1065
899	1031
495	1412
495	1097
495	1316
496	1413
496	1414
496	1415
498	1416
499	933
499	931
499	1417
499	958
500	933
500	953
502	933
502	916
502	915
503	915
503	924
503	935
504	916
504	963
504	915
505	915
505	916
0	1418
2	1419
4	1419
6	1420
9	1421
9	1422
12	1423
12	1424
14	1425
16	1426
16	1422
18	1427
18	1422
20	1427
20	1422
22	1427
22	1422
26	1428
26	1429
30	1419
32	1430
32	1431
32	514
32	1432
32	1433
514	586
514	883
36	1419
38	1428
38	1429
40	1422
43	1422
45	1422
45	1434
47	1419
49	1419
51	1419
52	1419
54	1419
56	1419
550	1422
552	1422
58	1419
58	1435
58	1436
60	1422
63	1422
65	1422
65	1437
67	1427
67	1422
69	1427
69	1422
572	1422
70	1438
70	1439
74	1427
74	1422
75	1419
77	1422
77	1434
80	1440
80	1441
80	1442
80	1443
80	1444
82	1427
82	1422
84	1427
84	1422
86	1422
86	1445
586	1422
586	1427
88	1422
90	1422
90	1437
91	1427
91	1422
91	1446
94	1430
94	1447
94	1448
96	1427
96	1422
98	1427
98	1422
100	1422
102	1422
102	1437
103	1422
103	1437
107	1419
111	1427
111	1422
112	1422
112	1437
114	1419
116	1419
119	1422
119	1437
121	1438
123	1427
123	1422
125	1427
125	1422
127	1422
127	1437
129	1422
129	1437
131	1422
131	1437
133	1436
133	1432
133	1433
135	1419
634	1427
634	1422
138	1419
140	1422
140	1437
142	1427
142	1422
142	1449
145	1427
145	1422
642	1422
642	1437
146	1450
148	1419
149	1422
149	1437
153	1430
153	1451
157	1429
157	1426
159	1428
159	1429
159	514
652	1427
652	1422
161	1427
161	1434
161	1422
658	1427
658	1422
163	1419
165	1427
165	1422
166	1422
166	1437
168	1450
168	1437
168	1434
168	1446
170	1419
172	1419
173	1427
173	1422
176	1426
176	1437
179	1419
181	1452
182	1422
182	1437
184	1430
184	1451
188	1419
1108	1430
1108	1451
190	1427
190	1422
677	1419
191	1446
191	1434
193	1419
683	1419
194	1422
196	1419
198	1422
198	1437
199	1419
687	1427
687	1422
202	1427
202	1422
688	1419
203	1427
203	1422
204	1427
204	514
205	1427
205	1422
207	1427
207	1450
209	1419
211	1419
214	1427
214	1422
217	1419
219	1427
219	1434
219	1422
221	1426
221	1422
222	1427
222	1422
223	1427
223	1422
225	1427
225	1422
227	1427
227	1422
228	1422
228	1437
228	1434
230	1427
230	1434
230	1422
232	1426
232	1422
234	1422
234	1437
235	1427
235	1422
701	1427
701	1422
701	1434
703	1427
703	1422
704	1430
704	1451
237	1427
237	1422
239	1426
239	1429
241	1422
241	1437
243	1427
243	1422
245	1422
245	1437
247	1427
247	1422
249	1419
252	1427
252	1422
253	1422
253	1437
255	1427
255	1422
256	1427
256	1422
257	1427
257	1422
260	1427
260	1422
262	1422
262	1437
263	1429
263	1426
263	1422
264	1429
264	1438
264	1426
266	1429
266	1426
266	1438
267	1429
267	1426
268	1429
268	1426
270	1422
270	1446
270	1434
271	1429
271	1426
271	1422
272	1429
272	1426
272	1422
273	1429
273	1426
273	1422
274	1428
274	1446
274	1422
274	1434
276	1422
276	1427
276	1446
278	1428
278	1429
279	1429
279	1426
279	1422
280	1426
280	1429
280	1422
738	1422
738	1434
738	1446
282	1422
282	1434
283	1422
283	1446
283	1434
284	1429
284	1426
284	1438
286	1429
286	1426
288	1427
288	1422
289	1427
289	1422
291	1428
291	514
292	1422
292	514
294	1422
294	1437
295	1422
295	1437
299	1427
299	1422
299	514
300	1422
300	514
300	1437
302	1422
302	514
304	1422
304	1427
304	514
305	1428
305	1429
307	1422
307	514
309	1422
309	1437
310	1422
310	1437
310	1434
313	1427
313	1422
314	1422
314	1437
316	1422
316	514
316	1437
318	1427
318	1422
320	1427
320	1422
321	1426
321	1422
323	1419
325	1419
327	1428
327	1429
327	1453
327	1422
330	1422
332	1426
332	1429
334	1427
334	1422
334	1434
335	1422
335	1449
335	1437
336	1419
338	1419
341	1427
341	1434
341	1422
345	1422
345	1427
345	514
347	1419
349	1422
349	1437
350	1430
350	1454
354	1427
354	1422
357	1427
357	1422
357	1449
359	1422
361	1436
361	1432
361	1455
361	1429
361	514
362	1422
362	1427
362	1446
363	1422
363	1434
364	1422
364	1427
364	1446
365	1422
365	1437
365	1434
366	1422
366	1432
366	514
367	1422
367	1446
368	1422
368	1427
368	1446
371	1430
371	1451
373	1422
373	1437
374	1428
374	1429
375	1427
375	1422
803	1422
803	1437
377	1427
377	1422
379	1430
379	1451
381	1427
381	1434
381	1422
383	1427
383	1422
383	1434
386	1422
386	514
386	1437
388	1422
391	1422
391	1427
391	1446
392	1456
392	1438
396	1422
396	1434
397	1428
397	1429
401	1422
401	1427
401	1446
402	1422
402	1446
404	1422
404	1446
404	1434
406	1422
406	1446
407	1430
407	1451
410	1427
410	1422
410	1446
411	514
411	1436
411	1419
413	1427
413	1422
413	1446
831	1422
831	1437
831	1434
416	1426
416	1422
834	1422
834	1427
834	1446
836	1427
836	1422
836	1446
417	1457
417	1437
419	1427
419	1422
419	1434
421	1422
421	1434
423	1427
423	1422
423	514
424	1422
424	514
424	1437
426	1427
426	1446
426	1422
427	1422
427	1432
427	514
427	1433
428	1427
428	1422
428	514
853	1427
853	1422
429	1422
429	1427
429	1446
430	1429
430	1426
431	1419
433	1422
433	1427
433	1454
433	514
434	1430
434	1451
435	1427
435	1446
435	1422
437	1428
437	1429
437	1422
437	514
438	1422
439	1427
439	1446
439	1422
440	1427
440	1422
442	1419
865	1422
865	1437
865	1434
443	1430
443	1451
445	1422
445	1437
445	1434
448	1427
448	1446
448	1422
449	1422
451	1427
451	1446
451	1422
453	1422
453	1437
455	1422
455	1427
455	1446
456	1422
456	1432
456	514
458	1427
458	1422
458	514
459	1426
459	1429
460	1422
460	1446
461	1422
461	1446
461	1437
462	1422
462	1446
462	1434
463	1427
463	1450
463	1434
464	1427
464	1446
464	1422
465	1422
465	1427
465	1446
466	1422
466	1434
466	1446
468	1422
468	1437
469	1427
469	1422
877	1458
470	1428
470	1429
883	1422
883	1437
471	1422
471	1427
471	1446
475	1422
475	1434
475	1446
476	1422
476	1437
477	1459
479	1430
479	1429
479	1426
889	1422
889	1437
889	1434
481	1427
481	1446
481	1422
484	1430
484	1451
485	1422
485	1427
485	1460
487	1430
487	1451
489	1422
489	1427
489	1446
490	1427
490	1446
490	1422
492	1461
492	1462
492	1450
493	1422
493	1427
493	1446
494	1428
494	1429
899	1422
899	1427
899	1446
495	1430
495	1451
496	1427
496	1422
498	1428
498	1429
499	1463
499	1422
500	1463
500	1419
502	1427
502	1422
503	1427
504	1427
504	1422
505	1428
505	1429
4	1464
18	1465
20	1466
51	1467
51	1468
52	1469
550	1470
58	1471
65	1472
69	1473
70	1465
70	1474
70	1475
70	1476
70	1477
80	1470
586	1478
586	1479
88	1480
94	1481
96	1471
100	1482
103	1483
107	1484
111	1485
112	1486
119	1487
121	1488
129	1489
133	1490
135	1491
140	1492
149	1493
153	1494
159	1495
159	1496
658	1497
163	1498
166	1471
168	1499
170	1465
173	1465
173	1475
173	1500
176	1501
176	1502
176	1503
179	1504
188	1505
190	1506
191	1465
193	1507
194	1508
196	1509
199	1510
204	1511
204	1512
207	1513
209	1514
214	1514
219	1515
222	1516
223	1517
227	1518
232	1519
245	557
245	1520
252	558
252	1521
262	1522
264	1523
266	1524
278	1525
289	1486
299	1514
307	1471
314	1526
316	1527
316	1528
318	1529
321	1530
330	1531
386	1532
392	1481
836	1533
443	1534
451	1535
463	1536
481	1492
487	1537
493	1471
6	1538
16	913
32	1539
36	945
45	951
45	951
45	1540
47	1541
49	1542
550	1543
550	1544
84	1545
98	1546
112	1547
129	1548
135	1549
148	1550
157	1551
157	1552
157	1553
157	1554
25	157
163	1555
168	815
173	1556
677	1557
677	1558
677	1559
199	1560
199	1561
199	1562
207	1563
209	1564
230	1565
239	901
257	1555
257	1566
268	1567
276	1568
278	1569
320	1570
320	1571
320	1572
320	1571
321	1573
323	1574
330	1256
330	1256
330	1256
366	1575
375	1576
386	1577
416	1578
419	1386
442	1579
459	1580
464	1581
465	1582
487	1583
496	1584
1585	1586
1587	1588
1589	1590
1591	1592
1593	1594
1595	1596
1595	1597
1595	1598
639	1595
1599	1600
1599	1601
1600	1603
1600	1606
1601	1603
1601	1740
1585	1602
1585	1601
1585	1600
1602	1603
1604	1605
1606	1607
1606	1608
1609	1610
1609	1611
1612	1613
1612	1614
1615	1616
1617	1618
1617	1619
1620	1621
1620	1622
1623	1624
1625	1626
1627	1628
1629	1630
1631	1632
1633	1634
1633	1635
1636	1637
1638	1639
1640	1641
1642	1643
1644	1645
1644	1646
1647	1648
1647	1649
1650	1651
1652	1653
1587	1654
1655	1656
1655	1657
1655	1658
1659	1660
1661	1662
1663	1664
1665	1666
1667	1668
1669	1670
1671	1672
1671	1673
1674	1675
1676	1677
1678	1679
1680	1681
1682	1683
1683	1684
1685	1686
1687	1688
1687	1689
1690	1691
1690	1692
1693	1694
1695	1696
1696	1697
53	1698
1699	1700
1701	1702
1701	1703
1704	1705
1706	1707
1706	1708
1709	1710
1711	1712
1713	1714
1715	1716
1717	1718
1719	1720
1721	1722
1723	1724
1725	1726
1727	1728
1727	1729
1730	1731
1730	1732
1730	1733
1734	1735
1736	1737
1738	1739
1740	1741
